0.00 11.05 9.49 13.60 7.00 13.45 4.12 12.21 13.60 10.77 8.54 6.71 4.24 12.53 8.06

11.05 0.00 2.83 9.00 13.60 10.05 13.00 11.70 5.39 13.04 3.61 5.39 8.25 13.00 13.45

9.49 2.83 0.00 11.18 13.45 12.04 12.21 13.15 8.06 13.93 1.00 3.00 6.00 14.32 13.60

13.60 9.00 11.18 0.00 11.05 1.41 12.65 4.47 4.47 7.28 11.40 12.08 13.60 5.83 10.00

7.00 13.60 13.45 11.05 0.00 10.20 3.16 7.62 13.34 5.00 12.81 11.66 10.44 7.21 1.41

13.45 10.05 12.04 1.41 10.20 0.00 12.08 3.16 5.83 6.08 12.17 12.65 13.89 4.47 9.06

4.12 13.00 12.21 12.65 3.16 12.08 0.00 10.00 14.00 7.81 11.40 9.90 8.06 9.90 4.47

12.21 11.70 13.15 4.47 7.62 3.16 10.00 0.00 8.49 3.00 13.04 13.04 13.60 1.41 6.32

13.60 5.39 8.06 4.47 13.34 5.83 14.00 8.49 0.00 10.82 8.60 9.90 12.21 9.90 12.65

10.77 13.04 13.93 7.28 5.00 6.08 7.81 3.00 10.82 0.00 13.60 13.15 13.04 2.24 3.61

8.54 3.61 1.00 11.40 12.81 12.17 11.40 13.04 8.60 13.60 0.00 2.00 5.00 14.14 13.04

6.71 5.39 3.00 12.08 11.66 12.65 9.90 13.04 9.90 13.15 2.00 0.00 3.00 14.00 12.08

4.24 8.25 6.00 13.60 10.44 13.89 8.06 13.60 12.21 13.04 5.00 3.00 0.00 14.32 11.18

12.53 13.00 14.32 5.83 7.21 4.47 9.90 1.41 9.90 2.24 14.14 14.00 14.32 0.00 5.83

8.06 13.45 13.60 10.00 1.41 9.06 4.47 6.32 12.65 3.61 13.04 12.08 11.18 5.83 0.00